
su 10 12 2022 10 07 2024 0 300 3 5
pirinc 10 12 2022 09 06 2023 130 300 30 40
domates 22 12 2022 03 01 2023 10 300 3 5
makarna 10 12 2022 09 06 2023 350 300 20 30 
yag 22 12 2022 06 11 2024 400 300 50 70
hamur 20 12 2022 06 02 2023 350 300 10 20
kiyma 19 12 2022 10 05 2023 300 300 50 60
kasar 10 11 2022 06 04 2023 200 300 30 40
yumurta 22 12 2022 06 02 2023 50 300 3 6
sucuk 10 10 2022 05 04 2023 200 300 30 40
doner 10 10 2022 05 04 2023 250 300 20 30
seker 01 06 2022 06 07 2024 300 300 25 30
cikolata 03 09 2022 07 09 2023 200 300 10 15
sut 22 12 2022 10 02 2023 150 300 7 18


